50
No.0
41
1274
4137
5282
5336
5338
5678
7678
7710
7994
8008
8324
8334
8335
8344
8350
8396
8632
8638
8644
8661
8993
9001
9002
9018
9019
9031
9035
9040
9113
9254
9358
9359
9368
11083
11643
11674
12071
12495
12583
21348
36016
No.1
180
1
5344
6014
7376
26056
27525
29462
29469
30186
31573
31593
31608
32316
32328
32332
32335
32336
32341
32344
32345
32346
32351
32353
32364
32372
32373
32377
32379
32396
32435
32453
32688
32990
33144
33151
33152
33153
33156
33167
33168
33170
33178
33185
33187
33194
33195
33197
33201
33202
33203
33207
33208
33212
33227
33228
33252
33518
33922
33936
33940
33941
33950
33954
33993
34521
34570
34571
34579
34584
34585
34592
35018
35142
35169
35170
35178
35184
35185
35186
35193
35199
35205
35584
35702
35710
35716
35722
35732
35733
35745
35746
35751
35752
35753
35757
35759
35761
35920
36249
36253
36258
36259
36260
36261
36263
36264
36265
36266
36268
36269
36272
36273
36274
36279
36280
36285
36294
36305
36307
36317
36321
36322
36326
36526
36895
36896
36899
36902
36904
36915
36922
36923
36930
36950
36969
36975
36978
36982
36986
37560
37566
37567
37571
37575
37577
37579
37582
37583
37584
37605
37606
37616
37617
38139
38172
38179
38201
38211
38225
38233
38236
38237
38263
38431
38461
38782
38800
38987
39486
39487
39590
39600
40811
41347
41997
42675
44661
45140
65885
65990
No.2
1490
173
1008
2608
3106
3601
5688
5943
6014
6372
6918
7780
9403
9630
9631
10791
11979
13176
13294
13741
13807
14450
14530
15073
17149
18802
19544
20022
20569
22897
23585
24276
26056
27525
27585
29218
29233
29462
30453
31868
32931
32990
33085
33091
33518
33669
34481
34661
34737
35110
35169
35186
35218
35220
35453
35702
35716
35732
35733
35745
35746
35757
35920
36012
36013
36015
36104
36191
36218
36249
36253
36258
36259
36260
36261
36263
36264
36265
36266
36268
36269
36272
36273
36274
36279
36280
36285
36294
36305
36307
36322
36855
36890
36891
36892
36895
36896
36897
36899
36900
36902
36904
36915
36922
36923
36930
36950
36960
36975
36982
36986
37091
37103
37414
37541
37545
37547
37548
37552
37560
37564
37565
37566
37567
37571
37575
37577
37579
37582
37583
37584
37602
37605
37606
37619
37620
37625
37630
37793
38045
38139
38142
38145
38146
38149
38150
38153
38156
38159
38160
38161
38164
38166
38167
38172
38174
38175
38176
38179
38181
38188
38198
38201
38203
38211
38224
38225
38226
38230
38233
38237
38263
38287
38288
38461
38597
38734
38775
38777
38780
38782
38789
38793
38796
38798
38800
38801
38809
38811
38813
38817
38822
38826
38829
38831
38857
38868
38869
38952
38968
39199
39408
39409
39417
39421
39424
39425
39427
39431
39433
39441
39444
39451
39455
39462
39466
39467
39468
39470
39478
39486
39488
39557
39973
39974
39988
40006
40008
40011
40014
40017
40018
40020
40027
40028
40029
40032
40035
40039
40040
40043
40045
40046
40057
40061
40062
40064
40066
40069
40070
40072
40074
40076
40077
40078
40086
40087
40088
40091
40092
40112
40119
40126
40140
40325
40362
40364
40366
40590
40595
40628
40630
40677
40682
40683
40684
40685
40686
40688
40694
40696
40697
40699
40702
40703
40704
40715
40716
40719
40725
40726
40728
40731
40739
40740
40744
40745
40751
40774
40775
40811
40880
40965
41027
41255
41340
41341
41345
41346
41347
41351
41352
41353
41354
41357
41358
41359
41363
41364
41365
41367
41368
41369
41370
41372
41375
41376
41379
41381
41384
41386
41387
41389
41390
41391
41392
41394
41395
41396
41398
41399
41403
41404
41409
41410
41411
41412
41413
41416
41420
41426
41460
41462
41468
41470
41485
41541
41632
41871
41959
41982
41992
41997
42010
42024
42025
42027
42028
42034
42036
42039
42040
42041
42042
42045
42049
42050
42051
42053
42054
42059
42062
42065
42067
42068
42074
42077
42079
42080
42081
42082
42083
42087
42091
42093
42095
42099
42100
42102
42103
42105
42107
42108
42109
42111
42121
42122
42123
42125
42128
42130
42135
42147
42148
42173
42179
42180
42220
42274
42399
42567
42681
42689
42691
42692
42693
42695
42696
42702
42703
42704
42705
42706
42708
42709
42713
42715
42716
42720
42723
42726
42729
42731
42734
42738
42743
42747
42748
42753
42755
42767
42770
42771
42774
42775
42776
42784
42786
42790
42795
42800
42861
42862
42868
42880
42881
42887
42908
43220
43251
43288
43290
43297
43299
43300
43301
43306
43316
43325
43326
43328
43330
43332
43335
43339
43340
43341
43342
43344
43346
43349
43350
43353
43364
43366
43368
43369
43370
43372
43374
43375
43380
43381
43390
43391
43392
43393
43394
43395
43399
43401
43403
43404
43405
43406
43407
43411
43501
43707
43832
43859
43887
43919
43923
43925
43926
43928
43929
43930
43931
43932
43934
43938
43939
43940
43941
43942
43943
43946
43947
43950
43951
43952
43955
43958
43963
43964
43965
43969
43970
43971
43973
43976
43977
43978
43979
43985
43988
43990
43991
43992
43994
43996
43997
43999
44001
44002
44005
44007
44009
44010
44011
44012
44013
44016
44021
44028
44030
44035
44040
44043
44045
44168
44266
44281
44282
44369
44452
44513
44571
44575
44577
44578
44579
44581
44582
44583
44584
44585
44587
44589
44590
44591
44596
44603
44606
44609
44610
44611
44613
44615
44616
44617
44622
44624
44625
44627
44629
44631
44636
44637
44640
44641
44642
44646
44648
44652
44653
44664
44677
44686
44687
44707
44713
44814
44832
44946
44993
45041
45140
45154
45163
45174
45175
45176
45177
45179
45180
45181
45182
45183
45185
45186
45188
45189
45190
45191
45193
45194
45195
45197
45198
45200
45208
45209
45210
45214
45216
45217
45218
45221
45225
45228
45229
45230
45231
45235
45237
45239
45240
45244
45245
45246
45248
45249
45250
45251
45253
45255
45256
45257
45258
45259
45260
45263
45264
45265
45266
45269
45279
45281
45283
45284
45285
45290
45292
45295
45299
45303
45304
45309
45315
45321
45685
45693
45706
45816
45818
45819
45823
45824
45827
45830
45831
45832
45833
45834
45838
45851
45852
45859
45860
45861
45864
45866
45868
45876
45879
45885
45887
45888
45889
45891
45894
45899
45902
45904
45907
45908
45915
45916
45917
45918
45922
45925
45927
45929
45958
45978
45980
45987
46251
46438
46456
46557
46559
46561
46562
46564
46566
46567
46570
46575
46577
46580
46581
46582
46584
46585
46586
46588
46589
46590
46591
46592
46594
46597
46598
46599
46603
46605
46606
46609
46611
46612
46616
46617
46618
46622
46623
46624
46627
46628
46630
46631
46634
46637
46640
46642
46643
46646
46647
46649
46650
46651
46653
46656
46657
46658
46659
46663
46677
46682
46684
46685
46691
46739
46777
46789
47112
47162
47304
47432
47515
47516
47517
47523
47524
47526
47532
47533
47534
47535
47536
47537
47540
47543
47544
47545
47546
47547
47549
47553
47560
47561
47562
47563
47565
47573
47584
47587
47588
47590
47593
47596
47597
47598
47599
47609
47610
47611
47614
47617
47642
47656
47690
47745
47889
47910
47970
48045
48184
48206
48473
48479
48484
48488
48495
48497
48501
48503
48504
48506
48507
48509
48516
48517
48519
48521
48523
48524
48527
48532
48537
48538
48539
48540
48541
48542
48543
48544
48546
48547
48551
48552
48553
48554
48555
48557
48558
48559
48568
48570
48571
48574
48576
48578
48579
48580
48582
48585
48588
48594
48596
48599
48601
48602
48606
48617
48619
48622
48623
48628
48660
48706
48740
48813
48851
48855
48927
49404
49447
49499
49508
49511
49512
49514
49515
49522
49525
49529
49530
49532
49534
49535
49537
49538
49544
49553
49556
49558
49560
49561
49562
49563
49565
49566
49568
49569
49570
49571
49572
49573
49574
49576
49577
49580
49581
49582
49583
49585
49588
49590
49593
49594
49595
49597
49598
49599
49600
49601
49603
49613
49615
49622
49625
49628
49633
49645
49647
49648
49912
49936
49939
50080
50475
50542
50543
50544
50545
50547
50548
50549
50550
50552
50554
50556
50557
50558
50564
50565
50567
50568
50571
50572
50573
50575
50576
50578
50579
50580
50581
50582
50583
50584
50585
50588
50590
50591
50592
50593
50594
50595
50596
50597
50598
50599
50600
50601
50603
50606
50608
50609
50613
50614
50616
50617
50620
50621
50622
50623
50625
50628
50630
50631
50632
50633
50645
50651
50655
50664
50666
50670
50706
50829
51306
51309
51364
51481
51486
51545
51560
51569
51576
51577
51582
51585
51588
51590
51591
51593
51596
51597
51599
51603
51605
51606
51608
51609
51610
51612
51613
51614
51616
51619
51620
51621
51622
51623
51624
51625
51627
51628
51629
51630
51632
51634
51635
51639
51642
51643
51644
51645
51647
51649
51650
51651
51652
51653
51654
51655
51657
51659
51661
51662
51663
51664
51667
51668
51669
51670
51673
51675
51678
51679
51680
51683
51684
51692
51696
51697
51698
51702
51704
51706
51707
51709
51710
51714
51715
51716
51721
51724
51725
51726
51729
51745
51805
51990
52171
52430
52434
52446
52542
52572
52582
52583
52591
52661
52662
52663
52672
52673
52676
52677
52684
52688
52690
52691
52692
52694
52696
52698
52700
52701
52702
52705
52706
52708
52709
52711
52717
52720
52722
52725
52726
52733
52736
52739
52740
52741
52745
52746
52754
52756
52758
52759
52763
52764
52767
52770
52771
52775
52778
52779
52784
52787
52789
52791
52805
52815
52816
52872
52897
52952
53173
53507
53521
53564
53566
53574
53587
53601
53609
53611
53612
53627
53629
53645
53649
53655
53658
53663
53664
53668
53676
53678
53680
53682
53684
53685
53689
53690
53691
53703
53704
53705
53725
53734
53739
53745
53746
53747
53750
53752
53753
53754
53757
53760
53762
53765
53766
53767
53769
53771
53773
53781
53782
53784
53785
53789
53790
53798
53803
53805
53810
53817
53824
53827
53828
53860
54155
54202
54416
54540
54619
54657
54665
54689
54692
54703
54711
54712
54719
54726
54740
54764
54770
54777
54780
54788
54793
54839
54852
54857
54860
54861
54864
54866
54869
54870
54872
54873
54877
54880
54885
54887
54889
54891
54895
54896
54897
54898
54902
54908
54912
54914
54918
54960
55429
55468
55541
55698
55720
55733
55734
55748
55749
55751
55753
55773
55798
55848
55856
55869
55870
55875
55879
55881
55882
55893
55901
55906
55912
55915
55916
55917
55921
55925
55926
55927
55931
55957
56498
56659
56727
56730
56745
56765
56861
56870
56875
56879
56880
56881
56884
56885
56887
56888
56895
56897
56900
57515
57525
57697
57767
57772
57777
57875
57878
57885
57887
57888
57907
57918
58013
58289
58295
58730
58736
58808
58833
58838
58849
58858
58860
58861
58865
58993
59329
59439
59526
59773
59834
59835
59840
59845
59889
59904
60798
60804
60815
60816
60818
60824
60827
60831
60872
60925
61158
61438
61740
61752
61754
61804
61807
61808
61815
61948
62223
62308
62507
62584
62772
62784
63579
64161
64432
64452
64509
64579
64740
65290
65564
65634
66172
67582
67774
68249
68495
68802
No.3
0
No.4
0
No.5
0
No.6
0
No.7
0
No.8
0
No.9
0
No.10
0
No.11
0
No.12
0
No.13
0
No.14
0
No.15
0
No.16
0
No.17
0
No.18
0
No.19
0
No.20
0
No.21
0
No.22
0
No.23
0
No.24
0
No.25
0
No.26
0
No.27
0
No.28
0
No.29
0
No.30
0
No.31
0
No.32
0
No.33
0
No.34
0
No.35
0
No.36
0
No.37
0
No.38
0
No.39
0
No.40
0
No.41
0
No.42
0
No.43
0
No.44
0
No.45
0
No.46
0
No.47
0
No.48
0
No.49
0
